127818.000022669 0.000000000 
127818.001012593 0.000000000 
127818.002010272 0.000000000 
127818.003012908 0.000000000 
127818.004017373 0.000000000 
127818.005010336 0.000000000 
127818.006009867 0.000000000 
127818.007010607 0.000000000 
127818.008015735 0.000000000 
127818.009009701 0.000000000 
127818.010009312 0.000000000 
127818.011010202 0.000000000 
127818.012014308 0.000000000 
127818.013011852 0.000000000 
127818.014009544 0.000000000 
127818.015010637 0.000000000 
127818.016014272 0.000000000 
127818.017009481 0.000000000 
127818.018009239 0.000000000 
127818.019009867 0.000000000 
127818.020012727 0.000000000 
127818.021009020 0.000000000 
127818.022008641 0.000000000 
127818.023011613 0.000000000 
127818.024014662 0.000000000 
127818.025009069 0.000000000 
127818.026008641 0.000000000 
127818.027009659 0.000000000 
127818.028014548 0.000000000 
127818.029008922 0.000000000 
127818.030008715 0.000000000 
127818.031009069 0.000000000 
127818.032015497 0.000000000 
127818.033010617 0.000000000 
127818.034008498 0.000000000 
127818.035009362 0.000000000 
127818.036013933 0.000000000 
127818.037008590 0.000000000 
127818.038008080 0.000000000 
127818.039009453 0.000000000 
127818.040014122 0.000000000 
127818.041008336 0.000000000 
127818.042008095 0.000000000 
127818.043038893 0.000000000 
127818.044013638 0.000000000 
127818.045008095 0.000000000 
127818.046007724 0.000000000 
127818.047008591 0.000000000 
127818.048011097 0.000000000 
127818.049008058 0.000000000 
127818.050007652 0.000000000 
127818.051009787 0.000000000 
127818.052012978 0.000000000 
127818.053007994 0.000000000 
127818.054009728 0.000000000 
127818.055008779 0.000000000 
127818.056012301 0.000000000 
127818.057007612 0.000000000 
127818.058007271 0.000000000 
127818.059008186 0.000000000 
127818.060011885 0.000000000 
127818.061007587 0.000000000 
127818.062007238 0.000000000 
127818.063008073 0.000000000 
127818.064013059 0.000000000 
127818.065008029 0.000000000 
127818.066009179 0.000000000 
127818.067008069 0.000000000 
127818.068011473 0.000000000 
127818.069007319 0.000000000 
127818.070007045 0.000000000 
127818.071007964 0.000000000 
127818.072010545 0.000000000 
127818.073007237 0.000000000 
127818.074008805 0.000000000 
127818.075008108 0.000000000 
127818.076010751 0.000000000 
127818.077007273 0.000000000 
127818.078006954 0.000000000 
127818.079007562 0.000000000 
127818.080009807 0.000000000 
127818.081006702 0.000000000 
127818.082006609 0.000000000 
127818.083007287 0.000000000 
127818.084012322 0.000000000 
127818.085006997 0.000000000 
127818.086006831 0.000000000 
127818.087007467 0.000000000 
127818.088011555 0.000000000 
127818.089006997 0.000000000 
127818.090006640 0.000000000 
127818.091007273 0.000000000 
127818.092009254 0.000000000 
127818.093006633 0.000000000 
127818.094008053 0.000000000 
127818.095007317 0.000000000 
127818.096010863 0.000000000 
127818.097006582 0.000000000 
127818.098006312 0.000000000 
127818.099007093 0.000000000 
127818.100010781 0.000000000 
127818.101006823 0.000000000 
127818.102006419 0.000000000 
127818.103006887 0.000000000 
127818.104011515 0.000000000 
127818.105006539 0.000000000 
127818.106006242 0.000000000 
127818.107006997 0.000000000 
127818.108009778 0.000000000 
127818.109006372 0.000000000 
127818.110006079 0.000000000 
127818.111006956 0.000000000 
127818.112009095 0.000000000 
127818.113006296 0.000000000 
127818.114007625 0.000000000 
127818.115006907 0.000000000 
127818.116010543 0.000000000 
127818.117006054 0.000000000 
127818.118005903 0.000000000 
127818.119006745 0.000000000 
127818.120010065 0.000000000 
127818.121006188 0.000000000 
127818.122006136 0.000000000 
127818.123006451 0.000000000 
127818.124010615 0.000000000 
127818.125006315 0.000000000 
127818.126005862 0.000000000 
127818.127006571 0.000000000 
127818.128009911 0.000000000 
127818.129005845 0.000000000 
127818.130005637 0.000000000 
127818.131006376 0.000000000 
127818.132009643 0.000000000 
127818.133005774 0.000000000 
127818.134007714 0.000000000 
127818.135006665 0.000000000 
127818.136010095 0.000000000 
127818.137005955 0.000000000 
127818.138005742 0.000000000 
127818.139006403 0.000000000 
127818.140009298 0.000000000 
127818.141005883 0.000000000 
127818.142005707 0.000000000 
127818.143006229 0.000000000 
127818.144010964 0.000000000 
127818.145005993 0.000000000 
127818.146005754 0.000000000 
127818.147006540 0.000000000 
127818.148009954 0.000000000 
127818.149005971 0.000000000 
127818.150005628 0.000000000 
127818.151006355 0.000000000 
127818.152008932 0.000000000 
127818.153005988 0.000000000 
127818.154007244 0.000000000 
127818.155006378 0.000000000 
127818.156009836 0.000000000 
127818.157005823 0.000000000 
127818.158005702 0.000000000 
127818.159007295 0.000000000 
127818.160009628 0.000000000 
127818.161005885 0.000000000 
127818.162007648 0.000000000 
127818.163006511 0.000000000 
127818.164011020 0.000000000 
127818.165006049 0.000000000 
127818.166005812 0.000000000 
127818.167006382 0.000000000 
127818.168009094 0.000000000 
127818.169006901 0.000000000 
127818.170005889 0.000000000 
127818.171006640 0.000000000 
127818.172008724 0.000000000 
127818.173005913 0.000000000 
127818.174007163 0.000000000 
127818.175006574 0.000000000 
127818.176010494 0.000000000 
127818.177005837 0.000000000 
127818.178005597 0.000000000 
127818.179006403 0.000000000 
127818.180009900 0.000000000 
127818.181005832 0.000000000 
127818.182005582 0.000000000 
127818.183006304 0.000000000 
127818.184017606 0.000000000 
127818.185006056 0.000000000 
127818.186005658 0.000000000 
127818.187006340 0.000000000 
127818.188009237 0.000000000 
127818.189005916 0.000000000 
127818.190005985 0.000000000 
127818.191007662 0.000000000 
127818.192009860 0.000000000 
127818.193005917 0.000000000 
127818.194005691 0.000000000 
127818.195007632 0.000000000 
127818.196010024 0.000000000 
127818.197005857 0.000000000 
127818.198005642 0.000000000 
127818.199006375 0.000000000 
127818.200008811 0.000000000 
127818.201005921 0.000000000 
127818.202005753 0.000000000 
127818.203007434 0.000000000 
127818.204008947 0.000000000 
127818.205007244 0.000000000 
127818.206005846 0.000000000 
127818.207006605 0.000000000 
127818.208010384 0.000000000 
127818.209005845 0.000000000 
127818.210005649 0.000000000 
127818.211006472 0.000000000 
127818.212009519 0.000000000 
127818.213005895 0.000000000 
127818.214005791 0.000000000 
127818.215007568 0.000000000 
127818.216010016 0.000000000 
127818.217006002 0.000000000 
127818.218005611 0.000000000 
127818.219007790 0.000000000 
127818.220008885 0.000000000 
127818.221005926 0.000000000 
127818.222005603 0.000000000 
127818.223006606 0.000000000 
127818.224009376 0.000000000 
127818.225007231 0.000000000 
127818.226005924 0.000000000 
127818.227006513 0.000000000 
127818.228009864 0.000000000 
127818.229005985 0.000000000 
127818.230005661 0.000000000 
127818.231006329 0.000000000 
127818.232008420 0.000000000 
127818.233005954 0.000000000 
127818.234005751 0.000000000 
127818.235007537 0.000000000 
127818.236009931 0.000000000 
127818.237007509 0.000000000 
127818.238005829 0.000000000 
127818.239006571 0.000000000 
127818.240009874 0.000000000 
127818.241006010 0.000000000 
127818.242005688 0.000000000 
127818.243006367 0.000000000 
127818.244010047 0.000000000 
127818.245007129 0.000000000 
127818.246005949 0.000000000 
127818.247006559 0.000000000 
127818.248009483 0.000000000 
127818.249005847 0.000000000 
127818.250005721 0.000000000 
127818.251007205 0.000000000 
127818.252008783 0.000000000 
127818.253005906 0.000000000 
127818.254005670 0.000000000 
127818.255007548 0.000000000 
127818.256010239 0.000000000 
127818.257005916 0.000000000 
127818.258005637 0.000000000 
127818.259006452 0.000000000 
127818.260009322 0.000000000 
127818.261006038 0.000000000 
127818.262005717 0.000000000 
127818.263006366 0.000000000 
127818.264008126 0.000000000 
127818.265007072 0.000000000 
127818.266005976 0.000000000 
127818.267006383 0.000000000 
127818.268009617 0.000000000 
127818.269005828 0.000000000 
127818.270005587 0.000000000 
127818.271007404 0.000000000 
127818.272009665 0.000000000 
127818.273005817 0.000000000 
127818.274005668 0.000000000 
127818.275007430 0.000000000 
127818.276010314 0.000000000 
127818.277005799 0.000000000 
127818.278005564 0.000000000 
127818.279006415 0.000000000 
127818.280008946 0.000000000 
127818.281008908 0.000000000 
127818.282006641 0.000000000 
127818.283006646 0.000000000 
127818.284011001 0.000000000 
127818.285007342 0.000000000 
127818.286005989 0.000000000 
127818.287006454 0.000000000 
127818.288010007 0.000000000 
127818.289005885 0.000000000 
127818.290005776 0.000000000 
127818.291006420 0.000000000 
127818.292008785 0.000000000 
127818.293005839 0.000000000 
127818.294005653 0.000000000 
127818.295007527 0.000000000 
127818.296010587 0.000000000 
127818.297005922 0.000000000 
127818.298005761 0.000000000 
127818.299007645 0.000000000 
127818.300010039 0.000000000 
127818.301005906 0.000000000 
127818.302005569 0.000000000 
127818.303006459 0.000000000 
127818.304009906 0.000000000 
127818.305007300 0.000000000 
127818.306005854 0.000000000 
127818.307006689 0.000000000 
127818.308010255 0.000000000 
127818.309007422 0.000000000 
127818.310005858 0.000000000 
127818.311006405 0.000000000 
127818.312008906 0.000000000 
127818.313005904 0.000000000 
127818.314005641 0.000000000 
127818.315007452 0.000000000 
127818.316009716 0.000000000 
127818.317005858 0.000000000 
127818.318005669 0.000000000 
127818.319006481 0.000000000 
127818.320009913 0.000000000 
127818.321005973 0.000000000 
127818.322005729 0.000000000 
127818.323006182 0.000000000 
127818.324009650 0.000000000 
127818.325007213 0.000000000 
127818.326005905 0.000000000 
127818.327006334 0.000000000 
127818.328008953 0.000000000 
127818.329005763 0.000000000 
127818.330005592 0.000000000 
127818.331006293 0.000000000 
127818.332008220 0.000000000 
127818.333005893 0.000000000 
127818.334005618 0.000000000 
127818.335037731 0.000000000 
127818.336009625 0.000000000 
127818.337006089 0.000000000 
127818.338005661 0.000000000 
127818.339007885 0.000000000 
127818.340010185 0.000000000 
127818.341005983 0.000000000 
127818.342005641 0.000000000 
127818.343006501 0.000000000 
127818.344008264 0.000000000 
127818.345005943 0.000000000 
127818.346007239 0.000000000 
127818.347006703 0.000000000 
127818.348012549 0.000000000 
127818.349006060 0.000000000 
127818.350005659 0.000000000 
127818.351006353 0.000000000 
127818.352008843 0.000000000 
127818.353005897 0.000000000 
127818.354005642 0.000000000 
127818.355009463 0.000000000 
127818.356011777 0.000000000 
127818.357006130 0.000000000 
127818.358005741 0.000000000 
127818.359006542 0.000000000 
127818.360008432 0.000000000 
127818.361005893 0.000000000 
127818.362005681 0.000000000 
127818.363006376 0.000000000 
127818.364008784 0.000000000 
127818.365005827 0.000000000 
127818.366007146 0.000000000 
127818.367006631 0.000000000 
127818.368010917 0.000000000 
127818.369006045 0.000000000 
127818.370005807 0.000000000 
127818.371006525 0.000000000 
127818.372009928 0.000000000 
127818.373007010 0.000000000 
127818.374005844 0.000000000 
127818.375006401 0.000000000 
127818.376010231 0.000000000 
127818.377006026 0.000000000 
127818.378005699 0.000000000 
127818.379006338 0.000000000 
127818.380009500 0.000000000 
127818.381005844 0.000000000 
127818.382005680 0.000000000 
127818.383006502 0.000000000 
127818.384008811 0.000000000 
127818.385005978 0.000000000 
127818.386007182 0.000000000 
127818.387006448 0.000000000 
127818.388008846 0.000000000 
127818.389005857 0.000000000 
127818.390005593 0.000000000 
127818.391006347 0.000000000 
127818.392008833 0.000000000 
127818.393005841 0.000000000 
127818.394005635 0.000000000 
127818.395006222 0.000000000 
127818.396010235 0.000000000 
127818.397007329 0.000000000 
127818.398005823 0.000000000 
127818.399006369 0.000000000 
127818.400008937 0.000000000 
127818.401005880 0.000000000 
127818.402005698 0.000000000 
127818.403006425 0.000000000 
127818.404008276 0.000000000 
127818.405006019 0.000000000 
127818.406007296 0.000000000 
127818.407007198 0.000000000 
127818.408009097 0.000000000 
127818.409005927 0.000000000 
127818.410005635 0.000000000 
127818.411006398 0.000000000 
127818.412007905 0.000000000 
127818.413005892 0.000000000 
127818.414005558 0.000000000 
127818.415006105 0.000000000 
127818.416010338 0.000000000 
127818.417006057 0.000000000 
127818.418005734 0.000000000 
127818.419006455 0.000000000 
127818.420009800 0.000000000 
127818.421005788 0.000000000 
127818.422005627 0.000000000 
127818.423006425 0.000000000 
127818.424009890 0.000000000 
127818.425005896 0.000000000 
127818.426007266 0.000000000 
127818.427007563 0.000000000 
127818.428009565 0.000000000 
127818.429005876 0.000000000 
127818.430005592 0.000000000 
127818.431006333 0.000000000 
127818.432009616 0.000000000 
127818.433005853 0.000000000 
127818.434005683 0.000000000 
127818.435006234 0.000000000 
127818.436010101 0.000000000 
127818.437005922 0.000000000 
127818.438005554 0.000000000 
127818.439006563 0.000000000 
127818.440009306 0.000000000 
127818.441007585 0.000000000 
127818.442005984 0.000000000 
127818.443006483 0.000000000 
127818.444009569 0.000000000 
127818.445006033 0.000000000 
127818.446007074 0.000000000 
127818.447006537 0.000000000 
127818.448009759 0.000000000 
127818.449005925 0.000000000 
127818.450005667 0.000000000 
127818.451007220 0.000000000 
127818.452008443 0.000000000 
127818.453006121 0.000000000 
127818.454005680 0.000000000 
127818.455006091 0.000000000 
127818.456010341 0.000000000 
127818.457006119 0.000000000 
127818.458005782 0.000000000 
127818.459006434 0.000000000 
127818.460009197 0.000000000 
127818.461005971 0.000000000 
127818.462005740 0.000000000 
127818.463006435 0.000000000 
127818.464009361 0.000000000 
127818.465005957 0.000000000 
127818.466007334 0.000000000 
127818.467006388 0.000000000 
127818.468009424 0.000000000 
127818.469006132 0.000000000 
127818.470005709 0.000000000 
127818.471006433 0.000000000 
127818.472010214 0.000000000 
127818.473005914 0.000000000 
127818.474005558 0.000000000 
127818.475007258 0.000000000 
127818.476011004 0.000000000 
127818.477006029 0.000000000 
127818.478005817 0.000000000 
127818.479006415 0.000000000 
127818.480009916 0.000000000 
127818.481005823 0.000000000 
127818.482005560 0.000000000 
127818.483006491 0.000000000 
127818.484008866 0.000000000 
127818.485005962 0.000000000 
127818.486005744 0.000000000 
127818.487007492 0.000000000 
127818.488010121 0.000000000 
127818.489005877 0.000000000 
127818.490005597 0.000000000 
127818.491006498 0.000000000 
127818.492009662 0.000000000 
127818.493005860 0.000000000 
127818.494005725 0.000000000 
127818.495006265 0.000000000 
127818.496008356 0.000000000 
127818.497007094 0.000000000 
127818.498005885 0.000000000 
127818.499006453 0.000000000 
127818.500009106 0.000000000 
127818.501007193 0.000000000 
127818.502006075 0.000000000 
127818.503006549 0.000000000 
127818.504009923 0.000000000 
127818.505005948 0.000000000 
127818.506005629 0.000000000 
127818.507007590 0.000000000 
127818.508010099 0.000000000 
127818.509006983 0.000000000 
127818.510005920 0.000000000 
127818.511006733 0.000000000 
127818.512010183 0.000000000 
127818.513005902 0.000000000 
127818.514005670 0.000000000 
127818.515006356 0.000000000 
127818.516008424 0.000000000 
127818.517007256 0.000000000 
127818.518005818 0.000000000 
127818.519006490 0.000000000 
127818.520009399 0.000000000 
127818.521005896 0.000000000 
127818.522005709 0.000000000 
127818.523006390 0.000000000 
127818.524009624 0.000000000 
127818.525005727 0.000000000 
127818.526005634 0.000000000 
127818.527007480 0.000000000 
127818.528009560 0.000000000 
127818.529006095 0.000000000 
127818.530006273 0.000000000 
127818.531007680 0.000000000 
127818.532011105 0.000000000 
127818.533007521 0.000000000 
127818.534007241 0.000000000 
127818.535007923 0.000000000 
127818.536010458 0.000000000 
127818.537008439 0.000000000 
127818.538006828 0.000000000 
127818.539007421 0.000000000 
127818.540011844 0.000000000 
127818.541006622 0.000000000 
127818.542006505 0.000000000 
127818.543008448 0.000000000 
127818.544010367 0.000000000 
127818.545005821 0.000000000 
127818.546005690 0.000000000 
127818.547007650 0.000000000 
127818.548008966 0.000000000 
127818.549006890 0.000000000 
127818.550006639 0.000000000 
127818.551007371 0.000000000 
127818.552010425 0.000000000 
127818.553006821 0.000000000 
127818.554006620 0.000000000 
127818.555008083 0.000000000 
127818.556010502 0.000000000 
127818.557008545 0.000000000 
127818.558006626 0.000000000 
127818.559007393 0.000000000 
127818.560010532 0.000000000 
127818.561007194 0.000000000 
127818.562019060 0.000000000 
127818.563024286 0.000000000 
127818.564028736 0.000000000 
127818.565019139 0.000000000 
127818.566017976 0.000000000 
127818.567024871 0.000000000 
127818.568033365 0.000000000 
127818.569019127 0.000000000 
127818.570018600 0.000000000 
127818.571021235 0.000000000 
127818.572027505 0.000000000 
127818.573018980 0.000000000 
127818.574018398 0.000000000 
127818.575022186 0.000000000 
127818.576029909 0.000000000 
127818.577024712 0.000000000 
127818.578019660 0.000000000 
127818.579021358 0.000000000 
127818.580028820 0.000000000 
127818.581019684 0.000000000 
127818.582018536 0.000000000 
127818.583021121 0.000000000 
127818.584032898 0.000000000 
127818.585019853 0.000000000 
127818.586019026 0.000000000 
127818.587024829 0.000000000 
127818.588030030 0.000000000 
127818.589019050 0.000000000 
127818.590018573 0.000000000 
127818.591020828 0.000000000 
127818.592026025 0.000000000 
127818.593019254 0.000000000 
127818.594018522 0.000000000 
127818.595020847 0.000000000 
127818.596028534 0.000000000 
127818.597132187 0.000000000 
127818.598019668 0.000000000 
127818.599020735 0.000000000 
127818.600030532 0.000000000 
127818.601019271 0.000000000 
127818.602018463 0.000000000 
127818.603022803 0.000000000 
127818.604029067 0.000000000 
127818.605018733 0.000000000 
127818.606018468 0.000000000 
127818.607020071 0.000000000 
127818.608031938 0.000000000 
127818.609019184 0.000000000 
127818.610027986 0.000000000 
127818.611018087 0.000000000 
127818.612027032 0.000000000 
127818.613017653 0.000000000 
127818.614017072 0.000000000 
127818.615022288 0.000000000 
127818.616026402 0.000000000 
127818.617019371 0.000000000 
127818.618023224 0.000000000 
127818.619018833 0.000000000 
127818.620025898 0.000000000 
127818.621016981 0.000000000 
127818.622016407 0.000000000 
127818.623016547 0.000000000 
127818.624022212 0.000000000 
127818.625015496 0.000000000 
127818.626015135 0.000000000 
127818.627015774 0.000000000 
127818.628024392 0.000000000 
127818.629014501 0.000000000 
127818.630014051 0.000000000 
127818.631019005 0.000000000 
127818.632021285 0.000000000 
127818.633012963 0.000000000 
127818.634012665 0.000000000 
127818.635014111 0.000000000 
127818.636018157 0.000000000 
127818.637011965 0.000000000 
127818.638014695 0.000000000 
127818.639014160 0.000000000 
127818.640018392 0.000000000 
127818.641012037 0.000000000 
127818.642011504 0.000000000 
127818.643012251 0.000000000 
127818.644018299 0.000000000 
127818.645011222 0.000000000 
127818.646014973 0.000000000 
127818.647013372 0.000000000 
127818.648019262 0.000000000 
127818.649011166 0.000000000 
127818.650011230 0.000000000 
127818.651012546 0.000000000 
127818.652016256 0.000000000 
127818.653010458 0.000000000 
127818.654011070 0.000000000 
127818.655011580 0.000000000 
127818.656015799 0.000000000 
127818.657010544 0.000000000 
127818.658012847 0.000000000 
127818.659010759 0.000000000 
127818.660015472 0.000000000 
127818.661009949 0.000000000 
127818.674276380 0.000000000 
127818.674291099 0.000000000 
127818.674297946 0.000000000 
127818.674304322 0.000000000 
127818.674310825 0.000000000 
127818.674317310 0.000000000 
127818.674323568 0.000000000 
127818.674329899 0.000000000 
127818.674336187 0.000000000 
127818.674342480 0.000000000 
127818.674348836 0.000000000 
127818.674355138 0.000000000 
127818.674361462 0.000000000 
127818.675009636 0.000000000 
127818.676013312 0.000000000 
127818.677010383 0.000000000 
127818.678009567 0.000000000 
127818.679013250 0.000000000 
127818.680016621 0.000000000 
127818.681009356 0.000000000 
127818.682009237 0.000000000 
127818.683009681 0.000000000 
127818.684013265 0.000000000 
127818.685009087 0.000000000 
127818.686009087 0.000000000 
127818.687009786 0.000000000 
127818.688014610 0.000000000 
127818.689011040 0.000000000 
127818.690008920 0.000000000 
127818.691010743 0.000000000 
127818.692014922 0.000000000 
127818.693009120 0.000000000 
127818.694008995 0.000000000 
127818.695009383 0.000000000 
127818.696012385 0.000000000 
127818.697008756 0.000000000 
127818.698008479 0.000000000 
127818.699010969 0.000000000 
127818.700014240 0.000000000 
127818.701008911 0.000000000 
127818.702008670 0.000000000 
127818.703010276 0.000000000 
127818.704012984 0.000000000 
127818.705009643 0.000000000 
127818.706009108 0.000000000 
127818.707009944 0.000000000 
127818.708011545 0.000000000 
127818.709009849 0.000000000 
127818.710008068 0.000000000 
127818.711009063 0.000000000 
127818.712013400 0.000000000 
127818.713008701 0.000000000 
127818.714009496 0.000000000 
127818.715008986 0.000000000 
127818.716013934 0.000000000 
127818.717008272 0.000000000 
127818.718007875 0.000000000 
127818.719010343 0.000000000 
127818.720013200 0.000000000 
127818.721008163 0.000000000 
127818.722007474 0.000000000 
127818.723012149 0.000000000 
127818.724012612 0.000000000 
127818.725008141 0.000000000 
127818.726007437 0.000000000 
127818.727008805 0.000000000 
127818.728013213 0.000000000 
127818.729009889 0.000000000 
127818.730007904 0.000000000 
127818.731008257 0.000000000 
127818.732012191 0.000000000 
127818.733007708 0.000000000 
127818.734007296 0.000000000 
127818.735008899 0.000000000 
127818.736011703 0.000000000 
127818.737007910 0.000000000 
127818.738007789 0.000000000 
127818.739010037 0.000000000 
127818.740011908 0.000000000 
127818.741007807 0.000000000 
127818.742008578 0.000000000 
127818.743007848 0.000000000 
127818.744011158 0.000000000 
127818.745008095 0.000000000 
127818.746007544 0.000000000 
127818.747007798 0.000000000 
127818.748014490 0.000000000 
127818.749009038 0.000000000 
127818.750006898 0.000000000 
127818.751008148 0.000000000 
127818.752011982 0.000000000 
127818.753007412 0.000000000 
127818.754008017 0.000000000 
127818.755008795 0.000000000 
127818.756010345 0.000000000 
127818.757006931 0.000000000 
127818.758010477 0.000000000 
127818.759007638 0.000000000 
127818.760011972 0.000000000 
127818.761007612 0.000000000 
127818.762006816 0.000000000 
127818.763008300 0.000000000 
127818.764010646 0.000000000 
127818.765008151 0.000000000 
127818.766007263 0.000000000 
127818.767008328 0.000000000 
127818.768014276 0.000000000 
127818.769007033 0.000000000 
127818.770006862 0.000000000 
127818.771008896 0.000000000 
127818.772011560 0.000000000 
127818.773007558 0.000000000 
127818.774006990 0.000000000 
127818.775007621 0.000000000 
127818.776011731 0.000000000 
127818.777007171 0.000000000 
127818.778007851 0.000000000 
127818.779008148 0.000000000 
127818.780010508 0.000000000 
127818.781006802 0.000000000 
127818.782007707 0.000000000 
127818.783007698 0.000000000 
127818.784010242 0.000000000 
127818.785006772 0.000000000 
127818.786006472 0.000000000 
127818.787008659 0.000000000 
127818.788010065 0.000000000 
127818.789006647 0.000000000 
127818.790006875 0.000000000 
127818.791009643 0.000000000 
127818.792011138 0.000000000 
127818.793007115 0.000000000 
127818.794006283 0.000000000 
127818.795008567 0.000000000 
127818.796010648 0.000000000 
127818.797008699 0.000000000 
127818.798007177 0.000000000 
127818.799007425 0.000000000 
127818.800011537 0.000000000 
127818.801007467 0.000000000 
127818.802006662 0.000000000 
127818.803008401 0.000000000 
127818.804008723 0.000000000 
127818.805006651 0.000000000 
127818.806006437 0.000000000 
127818.807007651 0.000000000 
127818.808013460 0.000000000 
127818.809006385 0.000000000 
127818.810006918 0.000000000 
127818.811008127 0.000000000 
127818.812011388 0.000000000 
127818.813007142 0.000000000 
127818.814007032 0.000000000 
127818.815007721 0.000000000 
127818.816011237 0.000000000 
127818.817006595 0.000000000 
127818.818006453 0.000000000 
127818.819008052 0.000000000 
127818.820009626 0.000000000 
127818.821007329 0.000000000 
127818.822006897 0.000000000 
127818.823007973 0.000000000 
127818.824010223 0.000000000 
127818.825007482 0.000000000 
127818.826006618 0.000000000 
127818.827007262 0.000000000 
127818.828009861 0.000000000 
127818.829006725 0.000000000 
127818.830006905 0.000000000 
127818.831007959 0.000000000 
127818.832010253 0.000000000 
127818.833006618 0.000000000 
127818.834006910 0.000000000 
127818.835008541 0.000000000 
127818.836009646 0.000000000 
127818.837006475 0.000000000 
127818.838006656 0.000000000 
127818.839008255 0.000000000 
127818.840010257 0.000000000 
127818.841007225 0.000000000 
127818.842006929 0.000000000 
127818.843007847 0.000000000 
127818.844011196 0.000000000 
127818.845007016 0.000000000 
127818.846007000 0.000000000 
127818.847007863 0.000000000 
127818.848010322 0.000000000 
127818.849007088 0.000000000 
127818.850007272 0.000000000 
127818.851008267 0.000000000 
127818.852009212 0.000000000 
127818.853007346 0.000000000 
127818.854007123 0.000000000 
127818.855008845 0.000000000 
127818.856010242 0.000000000 
127818.857006972 0.000000000 
127818.858007243 0.000000000 
127818.859007941 0.000000000 
127818.860010860 0.000000000 
127818.861007141 0.000000000 
127818.862006708 0.000000000 
127818.863007416 0.000000000 
127818.864014686 0.000000000 
127818.865006708 0.000000000 
127818.866007032 0.000000000 
127818.867008111 0.000000000 
127818.868012155 0.000000000 
127818.869006669 0.000000000 
127818.870006342 0.000000000 
127818.871007854 0.000000000 
127818.872010784 0.000000000 
127818.873007131 0.000000000 
127818.874006959 0.000000000 
127818.875006800 0.000000000 
127818.876009912 0.000000000 
127818.877006280 0.000000000 
127818.878006523 0.000000000 
127818.879007726 0.000000000 
127818.880010170 0.000000000 
127818.881006799 0.000000000 
127818.882006582 0.000000000 
127818.883008265 0.000000000 
127818.884009610 0.000000000 
127818.885007698 0.000000000 
127818.886007114 0.000000000 
127818.887007805 0.000000000 
127818.888010294 0.000000000 
127818.889006855 0.000000000 
127818.890006636 0.000000000 
127818.891007820 0.000000000 
127818.892009776 0.000000000 
127818.893006585 0.000000000 
127818.894006904 0.000000000 
127818.906276015 0.000000000 
127818.906287693 0.000000000 
127818.906292093 0.000000000 
127818.906296368 0.000000000 
127818.906300543 0.000000000 
127818.906304760 0.000000000 
127818.906308947 0.000000000 
127818.906313164 0.000000000 
127818.906317306 0.000000000 
127818.906321450 0.000000000 
127818.906325638 0.000000000 
127818.906329724 0.000000000 
127818.907006698 0.000000000 
127818.908010124 0.000000000 
127818.909006927 0.000000000 
127818.910007050 0.000000000 
127818.911007699 0.000000000 
127818.912010241 0.000000000 
127818.913006685 0.000000000 
127818.914006254 0.000000000 
127818.915008588 0.000000000 
127818.916010387 0.000000000 
127818.917006805 0.000000000 
127818.918007654 0.000000000 
127818.919007785 0.000000000 
127818.920010533 0.000000000 
127818.921007965 0.000000000 
127818.922007093 0.000000000 
127818.923008370 0.000000000 
127818.924010347 0.000000000 
127818.925007203 0.000000000 
127818.926007860 0.000000000 
127818.938277157 0.000000000 
127818.938286991 0.000000000 
127818.938291352 0.000000000 
127818.938295451 0.000000000 
127818.938299644 0.000000000 
127818.938303726 0.000000000 
127818.938307903 0.000000000 
127818.938311982 0.000000000 
127818.938316222 0.000000000 
127818.938320358 0.000000000 
127818.938324473 0.000000000 
127818.938328710 0.000000000 
127818.939006516 0.000000000 
127818.940009838 0.000000000 
127818.941007381 0.000000000 
127818.942006365 0.000000000 
127818.943007470 0.000000000 
127818.944010420 0.000000000 
127818.945007162 0.000000000 
127818.946006929 0.000000000 
127818.947007736 0.000000000 
127818.948010358 0.000000000 
127818.949006977 0.000000000 
127818.950006989 0.000000000 
127818.951008863 0.000000000 
127818.952009759 0.000000000 
127818.953009659 0.000000000 
127818.954007867 0.000000000 
127818.955007804 0.000000000 
127818.956009850 0.000000000 
127818.957006779 0.000000000 
127818.958006589 0.000000000 
127818.966274473 0.000000000 
127818.966283598 0.000000000 
127818.966288062 0.000000000 
127818.966292327 0.000000000 
127818.966296522 0.000000000 
127818.966300757 0.000000000 
127818.966305042 0.000000000 
127818.966309148 0.000000000 
127818.967006389 0.000000000 
127818.968010220 0.000000000 
127818.969007367 0.000000000 
127818.970006793 0.000000000 
127818.971008325 0.000000000 
127818.972010915 0.000000000 
127818.973007526 0.000000000 
127818.974007379 0.000000000 
127818.975008393 0.000000000 
127818.976010442 0.000000000 
127818.977006967 0.000000000 
127818.978006965 0.000000000 
127818.979008364 0.000000000 
127818.980010311 0.000000000 
127818.981007772 0.000000000 
127818.982006882 0.000000000 
127818.983007515 0.000000000 
127818.984010844 0.000000000 
127818.985007770 0.000000000 
127818.986007303 0.000000000 
127818.994283879 0.000000000 
127818.994293663 0.000000000 
127818.994298061 0.000000000 
127818.994302234 0.000000000 
127818.994306421 0.000000000 
127818.994310618 0.000000000 
127818.994314788 0.000000000 
127818.994318906 0.000000000 
127818.995006622 0.000000000 
127818.996010171 0.000000000 
127818.997006502 0.000000000 
127818.998007379 0.000000000 
127818.999008095 0.000000000 
127819.000012707 0.000000000 
127819.001007179 0.000000000 
127819.002006881 0.000000000 
127819.003008120 0.000000000 
127819.004010260 0.000000000 
127819.005007358 0.000000000 
127819.006006941 0.000000000 
127819.007008209 0.000000000 
127819.008009802 0.000000000 
127819.009006936 0.000000000 
127819.010007054 0.000000000 
127819.011008137 0.000000000 
127819.012009926 0.000000000 
127819.013006788 0.000000000 
127819.014006622 0.000000000 
127819.030279085 0.000000000 
127819.030288860 0.000000000 
127819.030293137 0.000000000 
127819.030297331 0.000000000 
127819.030301488 0.000000000 
127819.030305592 0.000000000 
127819.030309688 0.000000000 
127819.030313752 0.000000000 
127819.030317953 0.000000000 
127819.030328945 0.000000000 
127819.030333315 0.000000000 
127819.030337429 0.000000000 
127819.030341631 0.000000000 
127819.030345791 0.000000000 
127819.030349855 0.000000000 
127819.030353960 0.000000000 
127819.031006592 0.000000000 
127819.032010018 0.000000000 
127819.033006943 0.000000000 
127819.034006526 0.000000000 
127819.035008709 0.000000000 
127819.036010083 0.000000000 
127819.037007739 0.000000000 
127819.038007068 0.000000000 
127819.039008177 0.000000000 
127819.040010451 0.000000000 
127819.041006802 0.000000000 
127819.042007599 0.000000000 
127819.043007635 0.000000000 
127819.044009973 0.000000000 
127819.045007351 0.000000000 
127819.046006993 0.000000000 
127819.062279136 0.000000000 
127819.062288123 0.000000000 
127819.062292318 0.000000000 
127819.062296457 0.000000000 
127819.062300648 0.000000000 
127819.062304753 0.000000000 
127819.062308856 0.000000000 
127819.062312945 0.000000000 
127819.062317139 0.000000000 
127819.062321355 0.000000000 
127819.062325481 0.000000000 
127819.062329627 0.000000000 
127819.062333759 0.000000000 
127819.062337834 0.000000000 
127819.062342000 0.000000000 
127819.062346183 0.000000000 
127819.063006583 0.000000000 
127819.064009967 0.000000000 
127819.065007333 0.000000000 
127819.066007424 0.000000000 
127819.067007439 0.000000000 
127819.068010568 0.000000000 
127819.069007197 0.000000000 
127819.070006877 0.000000000 
127819.071007478 0.000000000 
127819.072010620 0.000000000 
127819.073007324 0.000000000 
127819.074006652 0.000000000 
127819.075008160 0.000000000 
127819.076010431 0.000000000 
127819.077006836 0.000000000 
127819.078007049 0.000000000 
127819.079010616 0.000000000 
127819.080010975 0.000000000 
127819.081007498 0.000000000 
127819.082006773 0.000000000 
127819.083008328 0.000000000 
127819.084010654 0.000000000 
127819.085007183 0.000000000 
127819.086006314 0.000000000 
127819.087007912 0.000000000 
127819.088010778 0.000000000 
127819.089006898 0.000000000 
127819.090006696 0.000000000 
127819.091008005 0.000000000 
127819.092011059 0.000000000 
127819.093006625 0.000000000 
127819.094006668 0.000000000 
127819.110281822 0.000000000 
127819.110292363 0.000000000 
127819.110296833 0.000000000 
127819.110301003 0.000000000 
127819.110305493 0.000000000 
127819.110309635 0.000000000 
127819.110313793 0.000000000 
127819.110317877 0.000000000 
127819.110321982 0.000000000 
127819.110326104 0.000000000 
127819.110330181 0.000000000 
127819.110334298 0.000000000 
127819.110338560 0.000000000 
127819.110342899 0.000000000 
127819.110347073 0.000000000 
127819.110351158 0.000000000 
127819.111006451 0.000000000 
127819.112010876 0.000000000 
127819.113006412 0.000000000 
127819.114007593 0.000000000 
127819.115008178 0.000000000 
127819.116010521 0.000000000 
127819.117006966 0.000000000 
127819.118006722 0.000000000 
127819.119008598 0.000000000 
127819.120010877 0.000000000 
127819.121007677 0.000000000 
127819.122007282 0.000000000 
127819.123008114 0.000000000 
127819.124010255 0.000000000 
127819.125007101 0.000000000 
127819.126007244 0.000000000 
127819.142283558 0.000000000 
127819.142292034 0.000000000 
127819.142296335 0.000000000 
127819.142300540 0.000000000 
127819.142304820 0.000000000 
127819.142308977 0.000000000 
127819.142313105 0.000000000 
127819.142317225 0.000000000 
127819.142321311 0.000000000 
127819.142325364 0.000000000 
127819.142329485 0.000000000 
127819.142333608 0.000000000 
127819.142337686 0.000000000 
127819.142341856 0.000000000 
127819.142345994 0.000000000 
127819.142350116 0.000000000 
127819.143006117 0.000000000 
127819.144008480 0.000000000 
127819.145006274 0.000000000 
127819.146005908 0.000000000 
127819.147006847 0.000000000 
127819.148010085 0.000000000 
127819.149006029 0.000000000 
127819.150005665 0.000000000 
127819.151006346 0.000000000 
127819.152008415 0.000000000 
127819.153005954 0.000000000 
127819.154005688 0.000000000 
127819.155006628 0.000000000 
127819.156008262 0.000000000 
127819.157005826 0.000000000 
127819.158005556 0.000000000 
127819.159006331 0.000000000 
127819.160009113 0.000000000 
127819.161005823 0.000000000 
127819.162018051 0.000000000 
127819.163020521 0.000000000 
127819.164029833 0.000000000 
127819.165018946 0.000000000 
127819.166018289 0.000000000 
127819.167020700 0.000000000 
127819.168031439 0.000000000 
127819.169018714 0.000000000 
127819.170018118 0.000000000 
127819.171020282 0.000000000 
127819.172029318 0.000000000 
127819.173018823 0.000000000 
127819.174018186 0.000000000 
127819.175020561 0.000000000 
127819.176027643 0.000000000 
127819.177018702 0.000000000 
127819.178018345 0.000000000 
127819.179023061 0.000000000 
127819.180030437 0.000000000 
127819.181019056 0.000000000 
127819.182018314 0.000000000 
127819.183020975 0.000000000 
127819.184032100 0.000000000 
127819.185019060 0.000000000 
127819.186018217 0.000000000 
127819.187020327 0.000000000 
127819.188027989 0.000000000 
127819.189019409 0.000000000 
127819.190018071 0.000000000 
127819.191020491 0.000000000 
127819.192030648 0.000000000 
127819.193018766 0.000000000 
127819.194018103 0.000000000 
127819.195020294 0.000000000 
127819.196027204 0.000000000 
127819.197019010 0.000000000 
127819.198017983 0.000000000 
127819.199020543 0.000000000 
127819.200030010 0.000000000 
127819.201018969 0.000000000 
127819.202018242 0.000000000 
127819.203020241 0.000000000 
127819.204028595 0.000000000 
127819.205019118 0.000000000 
127819.206018040 0.000000000 
127819.207020300 0.000000000 
127819.208028548 0.000000000 
127819.209018780 0.000000000 
127819.210018509 0.000000000 
127819.211018257 0.000000000 
127819.212028708 0.000000000 
127819.213017189 0.000000000 
127819.214016816 0.000000000 
127819.215021074 0.000000000 
127819.216027318 0.000000000 
127819.217019339 0.000000000 
127819.218018391 0.000000000 
127819.219018245 0.000000000 
127819.220024504 0.000000000 
127819.221017159 0.000000000 
127819.222016040 0.000000000 
127819.223016490 0.000000000 
127819.224023947 0.000000000 
127819.225014914 0.000000000 
127819.226014597 0.000000000 
127819.227014902 0.000000000 
127819.228021466 0.000000000 
127819.229013845 0.000000000 
127819.230013000 0.000000000 
127819.231013581 0.000000000 
127819.232019364 0.000000000 
127819.233012953 0.000000000 
127819.234011977 0.000000000 
127819.235012437 0.000000000 
127819.236018139 0.000000000 
127819.237011797 0.000000000 
127819.238011253 0.000000000 
127819.239012892 0.000000000 
127819.240017029 0.000000000 
127819.241011734 0.000000000 
127819.242011325 0.000000000 
127819.243011600 0.000000000 
127819.244015639 0.000000000 
127819.245010867 0.000000000 
127819.246010566 0.000000000 
127819.247011521 0.000000000 
127819.248015063 0.000000000 
127819.249010764 0.000000000 
127819.250010483 0.000000000 
127819.251011966 0.000000000 
127819.252016982 0.000000000 
127819.253010566 0.000000000 
127819.254009960 0.000000000 
127819.255010832 0.000000000 
127819.256017925 0.000000000 
127819.257010157 0.000000000 
127819.258009670 0.000000000 
127819.259010531 0.000000000 
127819.260015072 0.000000000 
127819.261009712 0.000000000 
127819.262009163 0.000000000 
127819.263010445 0.000000000 
127819.264012882 0.000000000 
127819.265009370 0.000000000 
127819.266009096 0.000000000 
127819.267010239 0.000000000 
127819.268015756 0.000000000 
127819.269009394 0.000000000 
127819.270008794 0.000000000 
127819.271009890 0.000000000 
127819.272014942 0.000000000 
127819.273008916 0.000000000 
127819.274008585 0.000000000 
127819.275009939 0.000000000 
127819.276012259 0.000000000 
127819.277008951 0.000000000 
127819.278008682 0.000000000 
127819.279009643 0.000000000 
127819.280013357 0.000000000 
127819.281009059 0.000000000 
127819.282008620 0.000000000 
127819.283009231 0.000000000 
127819.284013011 0.000000000 
127819.285008494 0.000000000 
127819.286008238 0.000000000 
127819.287009142 0.000000000 
127819.288014421 0.000000000 
127819.289008383 0.000000000 
127819.290008393 0.000000000 
127819.291009048 0.000000000 
127819.292014358 0.000000000 
127819.293008161 0.000000000 
127819.294008093 0.000000000 
127819.295008931 0.000000000 
127819.296010880 0.000000000 
127819.297008029 0.000000000 
127819.298007727 0.000000000 
127819.299008446 0.000000000 
127819.300012980 0.000000000 
127819.301007844 0.000000000 
127819.302007558 0.000000000 
127819.303008569 0.000000000 
127819.304013243 0.000000000 
127819.305007856 0.000000000 
127819.306007906 0.000000000 
127819.307008082 0.000000000 
127819.308010451 0.000000000 
127819.309007416 0.000000000 
127819.310007265 0.000000000 
127819.311008215 0.000000000 
127819.312011712 0.000000000 
127819.313007493 0.000000000 
127819.314007276 0.000000000 
127819.315008199 0.000000000 
127819.316012267 0.000000000 
127819.317007688 0.000000000 
127819.318007319 0.000000000 
127819.319007766 0.000000000 
127819.320010941 0.000000000 
127819.321007241 0.000000000 
127819.322006971 0.000000000 
127819.323007871 0.000000000 
127819.324013357 0.000000000 
127819.325007449 0.000000000 
127819.326006978 0.000000000 
127819.327007917 0.000000000 
127819.328011237 0.000000000 
127819.329007234 0.000000000 
127819.330007123 0.000000000 
127819.331007783 0.000000000 
127819.332011578 0.000000000 
127819.333006818 0.000000000 
127819.334006785 0.000000000 
127819.335007522 0.000000000 
127819.336010725 0.000000000 
127819.337006961 0.000000000 
127819.338006613 0.000000000 
127819.339007482 0.000000000 
127819.340010543 0.000000000 
127819.341006926 0.000000000 
127819.342006664 0.000000000 
127819.343007263 0.000000000 
127819.344008731 0.000000000 
127819.345006859 0.000000000 
127819.346006394 0.000000000 
127819.347007260 0.000000000 
127819.348009572 0.000000000 
127819.349006549 0.000000000 
127819.350006495 0.000000000 
127819.351007281 0.000000000 
127819.352010938 0.000000000 
127819.353006730 0.000000000 
127819.354006520 0.000000000 
127819.355006671 0.000000000 
127819.356012431 0.000000000 
127819.357006805 0.000000000 
127819.358006360 0.000000000 
127819.359007031 0.000000000 
127819.360008962 0.000000000 
127819.361006447 0.000000000 
127819.362006174 0.000000000 
127819.363006798 0.000000000 
127819.364010384 0.000000000 
127819.365006506 0.000000000 
127819.366006230 0.000000000 
127819.367006298 0.000000000 
127819.368012419 0.000000000 
127819.369006375 0.000000000 
127819.370005958 0.000000000 
127819.371006663 0.000000000 
127819.372009260 0.000000000 
127819.373006131 0.000000000 
127819.374005919 0.000000000 
127819.375006617 0.000000000 
127819.376007801 0.000000000 
127819.377006098 0.000000000 
127819.378005878 0.000000000 
127819.379006530 0.000000000 
127819.380011547 0.000000000 
127819.381006018 0.000000000 
127819.382005642 0.000000000 
127819.383006589 0.000000000 
127819.384009822 0.000000000 
127819.385005831 0.000000000 
127819.386005633 0.000000000 
127819.387006363 0.000000000 
127819.388009500 0.000000000 
127819.389005890 0.000000000 
127819.390005684 0.000000000 
127819.391006315 0.000000000 
127819.392007486 0.000000000 
127819.393005901 0.000000000 
127819.394005660 0.000000000 
127819.395006489 0.000000000 
127819.396009158 0.000000000 
127819.397005836 0.000000000 
127819.398008337 0.000000000 
127819.399006784 0.000000000 
127819.400009666 0.000000000 
127819.401005917 0.000000000 
127819.402005612 0.000000000 
127819.403006210 0.000000000 
127819.404007897 0.000000000 
127819.405005843 0.000000000 
127819.406005594 0.000000000 
127819.407006317 0.000000000 
127819.408009091 0.000000000 
127819.409005953 0.000000000 
127819.410005741 0.000000000 
127819.411006280 0.000000000 
127819.412008598 0.000000000 
127819.413005882 0.000000000 
127819.414005599 0.000000000 
127819.415006303 0.000000000 
127819.416009768 0.000000000 
127819.417005914 0.000000000 
127819.418005702 0.000000000 
127819.419006236 0.000000000 
127819.420007741 0.000000000 
127819.421005823 0.000000000 
127819.422005633 0.000000000 
127819.423007284 0.000000000 
127819.424009739 0.000000000 
127819.425008038 0.000000000 
127819.426005840 0.000000000 
127819.427007317 0.000000000 
127819.428009019 0.000000000 
127819.429005844 0.000000000 
127819.430007583 0.000000000 
127819.431006591 0.000000000 
127819.432009457 0.000000000 
127819.433005911 0.000000000 
127819.434005697 0.000000000 
127819.435008236 0.000000000 
127819.436009688 0.000000000 
127819.437006007 0.000000000 
127819.438005625 0.000000000 
127819.439006493 0.000000000 
127819.440008709 0.000000000 
127819.441005947 0.000000000 
127819.442005656 0.000000000 
127819.443006384 0.000000000 
127819.444009254 0.000000000 
127819.445007683 0.000000000 
127819.446005985 0.000000000 
127819.447006503 0.000000000 
127819.448009441 0.000000000 
127819.449005842 0.000000000 
127819.450005658 0.000000000 
127819.451006721 0.000000000 
127819.452009428 0.000000000 
127819.453005813 0.000000000 
127819.454005567 0.000000000 
127819.455008149 0.000000000 
127819.456009692 0.000000000 
127819.457005924 0.000000000 
127819.458005677 0.000000000 
127819.459006404 0.000000000 
127819.460009487 0.000000000 
127819.461005853 0.000000000 
127819.462005663 0.000000000 
127819.463006390 0.000000000 
127819.464011700 0.000000000 
127819.465007721 0.000000000 
127819.466005926 0.000000000 
127819.467006491 0.000000000 
127819.468008735 0.000000000 
127819.469005908 0.000000000 
127819.470005614 0.000000000 
127819.471006483 0.000000000 
127819.472009312 0.000000000 
127819.473005838 0.000000000 
127819.474005667 0.000000000 
127819.475008220 0.000000000 
127819.476009778 0.000000000 
127819.477005863 0.000000000 
127819.478005709 0.000000000 
127819.479006462 0.000000000 
127819.480009188 0.000000000 
127819.481005918 0.000000000 
127819.482005630 0.000000000 
127819.483006223 0.000000000 
127819.484008325 0.000000000 
127819.485005845 0.000000000 
127819.486007742 0.000000000 
127819.487006489 0.000000000 
127819.488010199 0.000000000 
127819.489005857 0.000000000 
127819.490005653 0.000000000 
127819.491006290 0.000000000 
127819.492009367 0.000000000 
127819.493005785 0.000000000 
127819.494005664 0.000000000 
127819.495006243 0.000000000 
127819.496011076 0.000000000 
127819.497006019 0.000000000 
127819.498007615 0.000000000 
127819.499006681 0.000000000 
127819.500008893 0.000000000 
127819.501007657 0.000000000 
127819.502005979 0.000000000 
127819.503006451 0.000000000 
127819.504009385 0.000000000 
127819.505005952 0.000000000 
127819.506007896 0.000000000 
127819.507006511 0.000000000 
127819.508009802 0.000000000 
127819.509005954 0.000000000 
127819.510005821 0.000000000 
127819.511006320 0.000000000 
127819.512009842 0.000000000 
127819.513005838 0.000000000 
127819.514005764 0.000000000 
127819.515006357 0.000000000 
127819.516010686 0.000000000 
127819.517006069 0.000000000 
127819.518005686 0.000000000 
127819.519006408 0.000000000 
127819.520009745 0.000000000 
127819.521005893 0.000000000 
127819.522005718 0.000000000 
127819.523007193 0.000000000 
127819.524009043 0.000000000 
127819.525006017 0.000000000 
127819.526007723 0.000000000 
127819.527006645 0.000000000 
127819.528009933 0.000000000 
127819.529006068 0.000000000 
127819.530005764 0.000000000 
127819.531006352 0.000000000 
127819.532011071 0.000000000 
127819.533006127 0.000000000 
127819.534005873 0.000000000 
127819.535006603 0.000000000 
127819.536010966 0.000000000 
127819.537005949 0.000000000 
127819.538005748 0.000000000 
127819.539006348 0.000000000 
127819.540009691 0.000000000 
127819.541005862 0.000000000 
127819.542005711 0.000000000 
127819.543006302 0.000000000 
127819.544009075 0.000000000 
127819.545005827 0.000000000 
127819.546007812 0.000000000 
127819.547006498 0.000000000 
127819.548008575 0.000000000 
127819.549005843 0.000000000 
127819.550005720 0.000000000 
127819.551006092 0.000000000 
127819.552010176 0.000000000 
127819.553005954 0.000000000 
127819.554005744 0.000000000 
127819.555006397 0.000000000 
127819.556011257 0.000000000 
127819.557006016 0.000000000 
127819.558005684 0.000000000 
127819.559006383 0.000000000 
127819.560008845 0.000000000 
127819.561006096 0.000000000 
127819.562005706 0.000000000 
127819.563006362 0.000000000 
127819.564008254 0.000000000 
127819.565005862 0.000000000 
127819.566008335 0.000000000 
127819.567006504 0.000000000 
127819.568010052 0.000000000 
127819.569005795 0.000000000 
127819.570005609 0.000000000 
127819.571006233 0.000000000 
127819.572008525 0.000000000 
127819.573005874 0.000000000 
127819.574005593 0.000000000 
127819.575006235 0.000000000 
127819.576010835 0.000000000 
127819.577005897 0.000000000 
127819.578005561 0.000000000 
127819.579006414 0.000000000 
127819.580009563 0.000000000 
127819.581005882 0.000000000 
127819.582005644 0.000000000 
127819.583006539 0.000000000 
127819.584009073 0.000000000 
127819.585005933 0.000000000 
127819.586007818 0.000000000 
127819.587006676 0.000000000 
127819.588010365 0.000000000 
127819.589005782 0.000000000 
127819.590005680 0.000000000 
127819.591006410 0.000000000 
127819.592008634 0.000000000 
127819.593006006 0.000000000 
127819.594005755 0.000000000 
127819.595006301 0.000000000 
127819.596010853 0.000000000 
127819.597005991 0.000000000 
127819.598005702 0.000000000 
127819.599006653 0.000000000 
127819.600010234 0.000000000 
127819.601006027 0.000000000 
127819.602005827 0.000000000 
127819.603006390 0.000000000 
127819.604009131 0.000000000 
127819.605005935 0.000000000 
127819.606007776 0.000000000 
127819.607006394 0.000000000 
127819.608008848 0.000000000 
127819.609005893 0.000000000 
127819.610005687 0.000000000 
127819.611006339 0.000000000 
127819.612009266 0.000000000 
127819.613005804 0.000000000 
127819.614005618 0.000000000 
127819.615006241 0.000000000 
127819.616010733 0.000000000 
127819.617006023 0.000000000 
127819.618005665 0.000000000 
127819.619006322 0.000000000 
127819.620009446 0.000000000 
127819.621005942 0.000000000 
127819.622005703 0.000000000 
127819.623006340 0.000000000 
127819.624008364 0.000000000 
127819.625005834 0.000000000 
127819.626007926 0.000000000 
127819.627007279 0.000000000 
127819.628009394 0.000000000 
127819.629005902 0.000000000 
127819.630005739 0.000000000 
127819.631008874 0.000000000 
127819.632009752 0.000000000 
127819.633005887 0.000000000 
127819.634007561 0.000000000 
127819.635006436 0.000000000 
127819.636010065 0.000000000 
127819.637007771 0.000000000 
127819.638005865 0.000000000 
127819.639006270 0.000000000 
127819.640009568 0.000000000 
127819.641005817 0.000000000 
127819.642005816 0.000000000 
127819.643006340 0.000000000 
127819.644009215 0.000000000 
127819.645005843 0.000000000 
127819.646005706 0.000000000 
127819.647007796 0.000000000 
127819.648009639 0.000000000 
127819.649005830 0.000000000 
127819.650005604 0.000000000 
127819.651006915 0.000000000 
127819.652009915 0.000000000 
127819.653005802 0.000000000 
127819.654005654 0.000000000 
127819.655006377 0.000000000 
127819.656009180 0.000000000 
127819.657007878 0.000000000 
127819.658006121 0.000000000 
127819.659006466 0.000000000 
127819.660009535 0.000000000 
127819.661005800 0.000000000 
127819.662007756 0.000000000 
127819.663006406 0.000000000 
127819.664009802 0.000000000 
127819.665005883 0.000000000 
127819.666005617 0.000000000 
127819.667008113 0.000000000 
127819.668011752 0.000000000 
127819.669006201 0.000000000 
127819.670005864 0.000000000 
127819.671006365 0.000000000 
127819.672009045 0.000000000 
127819.673005882 0.000000000 
127819.674005707 0.000000000 
127819.675006294 0.000000000 
127819.676009437 0.000000000 
127819.677007887 0.000000000 
127819.678006036 0.000000000 
127819.679006354 0.000000000 
127819.680009316 0.000000000 
127819.681005997 0.000000000 
127819.682005970 0.000000000 
127819.683006356 0.000000000 
127819.684009106 0.000000000 
127819.685005797 0.000000000 
127819.686005687 0.000000000 
127819.687008014 0.000000000 
127819.688009916 0.000000000 
127819.689005857 0.000000000 
127819.690005670 0.000000000 
127819.691006471 0.000000000 
127819.692008783 0.000000000 
127819.693008301 0.000000000 
127819.694007808 0.000000000 
127819.695006648 0.000000000 
127819.696010188 0.000000000 
127819.697007878 0.000000000 
127819.698006163 0.000000000 
127819.699006326 0.000000000 
127819.700009837 0.000000000 
127819.701006046 0.000000000 
127819.702007607 0.000000000 
127819.703006618 0.000000000 
127819.704009527 0.000000000 
127819.705006011 0.000000000 
127819.706005819 0.000000000 
127819.707008181 0.000000000 
127819.708010298 0.000000000 
127819.709006068 0.000000000 
127819.710005708 0.000000000 
127819.711006618 0.000000000 
127819.712009229 0.000000000 
127819.713005936 0.000000000 
127819.714005739 0.000000000 
127819.715006359 0.000000000 
127819.716009407 0.000000000 
127819.717007808 0.000000000 
127819.718010355 0.000000000 
127819.719006525 0.000000000 
127819.720009442 0.000000000 
127819.721005876 0.000000000 
127819.722005592 0.000000000 
127819.723006465 0.000000000 
127819.724008144 0.000000000 
127819.725005599 0.000000000 
127819.726005707 0.000000000 
127819.727006427 0.000000000 
127819.728008260 0.000000000 
127819.729005626 0.000000000 
127819.730005514 0.000000000 
127819.731008008 0.000000000 
127819.732008940 0.000000000 
127819.733005962 0.000000000 
127819.734005746 0.000000000 
127819.735009940 0.000000000 
127819.736011508 0.000000000 
127819.737006249 0.000000000 
127819.738005725 0.000000000 
127819.739006360 0.000000000 
127819.740009013 0.000000000 
127819.741005862 0.000000000 
127819.742005621 0.000000000 
127819.743006376 0.000000000 
127819.744009217 0.000000000 
127819.745008098 0.000000000 
127819.746006081 0.000000000 
127819.747006501 0.000000000 
127819.748009717 0.000000000 
127819.749005966 0.000000000 
127819.750007974 0.000000000 
127819.751006490 0.000000000 
127819.752009259 0.000000000 
127819.753005976 0.000000000 
127819.754005827 0.000000000 
127819.755008936 0.000000000 
127819.756009751 0.000000000 
127819.757005866 0.000000000 
127819.758005870 0.000000000 
127819.759006411 0.000000000 
127819.760009099 0.000000000 
127819.761005879 0.000000000 
127819.762005630 0.000000000 
127819.763006361 0.000000000 
127819.764008279 0.000000000 
127819.765008078 0.000000000 
127819.766006074 0.000000000 
127819.767006279 0.000000000 
127819.768011498 0.000000000 
127819.769006338 0.000000000 
127819.770008309 0.000000000 
127819.771006515 0.000000000 
127819.772009990 0.000000000 
127819.773005957 0.000000000 
127819.774005602 0.000000000 
127819.775008208 0.000000000 
127819.776010921 0.000000000 
127819.777005985 0.000000000 
127819.778005730 0.000000000 
127819.779006559 0.000000000 
127819.780009176 0.000000000 
127819.781006024 0.000000000 
127819.782005673 0.000000000 
127819.783006590 0.000000000 
127819.784008155 0.000000000 
127819.785008226 0.000000000 
127819.786005984 0.000000000 
127819.787006911 0.000000000 
127819.788009505 0.000000000 
127819.789006009 0.000000000 
127819.790005800 0.000000000 
127819.791006834 0.000000000 
127819.792010264 0.000000000 
127819.793007217 0.000000000 
127819.794007902 0.000000000 
127819.795010783 0.000000000 
127819.796011324 0.000000000 
127819.797007086 0.000000000 
127819.798006097 0.000000000 
127819.799008437 0.000000000 
127819.800009736 0.000000000 
127819.801006360 0.000000000 
127819.802006637 0.000000000 
127819.803006653 0.000000000 
127819.804012268 0.000000000 
127819.805008152 0.000000000 
127819.806005880 0.000000000 
127819.807006367 0.000000000 
127819.808030180 0.000000000 
127819.809019360 0.000000000 
127819.810018587 0.000000000 
127819.811025914 0.000000000 
127819.812029231 0.000000000 
127819.813019634 0.000000000 
127819.814018776 0.000000000 
127819.815025406 0.000000000 
127819.816031786 0.000000000 
127819.817019653 0.000000000 
127819.818018905 0.000000000 
127819.819020685 0.000000000 
127819.820033214 0.000000000 
127819.821018855 0.000000000 
127819.822018364 0.000000000 
127819.823020162 0.000000000 
127819.824030089 0.000000000 
127819.825019019 0.000000000 
127819.826025088 0.000000000 
127819.827021654 0.000000000 
127819.828031952 0.000000000 
127819.829019093 0.000000000 
127819.830018445 0.000000000 
127819.831021346 0.000000000 
127819.832030949 0.000000000 
127819.833019536 0.000000000 
127819.834018559 0.000000000 
127819.835021977 0.000000000 
127819.836034711 0.000000000 
127819.837019822 0.000000000 
127819.838018839 0.000000000 
127819.839027559 0.000000000 
127819.840030786 0.000000000 
127819.841019464 0.000000000 
127819.842018477 0.000000000 
127819.843020592 0.000000000 
127819.844029030 0.000000000 
127819.845019508 0.000000000 
127819.846026093 0.000000000 
127819.847020825 0.000000000 
127819.848032006 0.000000000 
127819.849019020 0.000000000 
127819.850018068 0.000000000 
127819.851022608 0.000000000 
127819.852033191 0.000000000 
127819.853019149 0.000000000 
127819.854018126 0.000000000 
127819.855021725 0.000000000 
127819.856030677 0.000000000 
127819.857016825 0.000000000 
127819.858016408 0.000000000 
127819.859020701 0.000000000 
127819.860030132 0.000000000 
127819.861018941 0.000000000 
127819.862018319 0.000000000 
127819.863018516 0.000000000 
127819.864025695 0.000000000 
127819.865017171 0.000000000 
127819.866022476 0.000000000 
127819.867020250 0.000000000 
127819.868027494 0.000000000 
127819.869015699 0.000000000 
127819.870015033 0.000000000 
127819.871015162 0.000000000 
127819.872021436 0.000000000 
127819.873019824 0.000000000 
127819.874013790 0.000000000 
127819.875013999 0.000000000 
127819.876023186 0.000000000 
127819.877013457 0.000000000 
127819.878012360 0.000000000 
127819.879012801 0.000000000 
127819.880018637 0.000000000 
127819.881011884 0.000000000 
127819.882011289 0.000000000 
127819.883012346 0.000000000 
127819.884018697 0.000000000 
127819.885011546 0.000000000 
127819.886015742 0.000000000 
127819.887012274 0.000000000 
127819.888017567 0.000000000 
127819.889011643 0.000000000 
127819.890010530 0.000000000 
127819.891011709 0.000000000 
127819.892014957 0.000000000 
127819.893011002 0.000000000 
127819.894010638 0.000000000 
127819.895010738 0.000000000 
127819.896023702 0.000000000 
127819.897010391 0.000000000 
127819.898013330 0.000000000 
127819.899011252 0.000000000 
127819.900016780 0.000000000 
127819.901010174 0.000000000 
127819.902009901 0.000000000 
127819.903010464 0.000000000 
127819.904014731 0.000000000 
127819.905009679 0.000000000 
127819.906013124 0.000000000 
127819.907012786 0.000000000 
127819.908015176 0.000000000 
127819.909009773 0.000000000 
127819.910009290 0.000000000 
127819.911010770 0.000000000 
127819.912015516 0.000000000 
127819.913010145 0.000000000 
127819.914009378 0.000000000 
127819.915009680 0.000000000 
127819.916017950 0.000000000 
127819.917009893 0.000000000 
127819.918009117 0.000000000 
127819.919009802 0.000000000 
127819.920013540 0.000000000 
127819.921009057 0.000000000 
127819.922008847 0.000000000 
127819.923009907 0.000000000 
127819.924014649 0.000000000 
127819.925009068 0.000000000 
127819.926008691 0.000000000 
127819.927011170 0.000000000 
127819.928014120 0.000000000 
127819.929008508 0.000000000 
127819.930008179 0.000000000 
127819.931009146 0.000000000 
127819.932012752 0.000000000 
127819.933008549 0.000000000 
127819.934008169 0.000000000 
127819.935009289 0.000000000 
127819.936013220 0.000000000 
127819.937011891 0.000000000 
127819.938008571 0.000000000 
127819.939008805 0.000000000 
127819.940012631 0.000000000 
127819.941010230 0.000000000 
127819.942008233 0.000000000 
127819.943008615 0.000000000 
127819.944012888 0.000000000 
127819.945008173 0.000000000 
127819.946007745 0.000000000 
127819.947010758 0.000000000 
127819.948011899 0.000000000 
127819.949007965 0.000000000 
127819.950007638 0.000000000 
127819.951008171 0.000000000 
127819.952010681 0.000000000 
127819.953011544 0.000000000 
127819.954007851 0.000000000 
127819.955008423 0.000000000 
127819.956012582 0.000000000 
127819.957010174 0.000000000 
127819.958007817 0.000000000 
127819.959008393 0.000000000 
127819.960011524 0.000000000 
127819.961007735 0.000000000 
127819.962007430 0.000000000 
127819.963008032 0.000000000 
127819.964011413 0.000000000 
127819.965007118 0.000000000 
127819.966007183 0.000000000 
127819.967009958 0.000000000 
127819.968011147 0.000000000 
127819.969007393 0.000000000 
127819.970006969 0.000000000 
127819.971007957 0.000000000 
127819.972011617 0.000000000 
127819.973007343 0.000000000 
127819.974007085 0.000000000 
127819.975010304 0.000000000 
127819.976010880 0.000000000 
127819.977009200 0.000000000 
127819.978007037 0.000000000 
127819.979007618 0.000000000 
127819.980011348 0.000000000 
127819.981007037 0.000000000 
127819.982006557 0.000000000 
127819.983007840 0.000000000 
127819.984011029 0.000000000 
127819.985006945 0.000000000 
127819.986006687 0.000000000 
127819.987009095 0.000000000 
127819.988010726 0.000000000 
127819.989006914 0.000000000 
127819.990006431 0.000000000 
127819.991007246 0.000000000 
127819.992010565 0.000000000 
127819.993006659 0.000000000 
127819.994006427 0.000000000 
127819.995007245 0.000000000 
127819.996010373 0.000000000 
127819.997009014 0.000000000 
127819.998006753 0.000000000 
127819.999007024 0.000000000 
127820.000011784 0.000000000 
127820.001008533 0.000000000 
127820.002006500 0.000000000 
127820.003007044 0.000000000 
127820.004011026 0.000000000 
127820.005006321 0.000000000 
127820.006006078 0.000000000 
127820.007009094 0.000000000 
127820.008009344 0.000000000 
127820.009008022 0.000000000 
127820.010006468 0.000000000 
127820.011006689 0.000000000 
127820.012010220 0.000000000 
127820.013006095 0.000000000 
127820.014005856 0.000000000 
127820.015006454 0.000000000 
127820.016008842 0.000000000 
127820.017008099 0.000000000 
127820.018006183 0.000000000 
127820.019006829 0.000000000 
127820.020008935 0.000000000 
127820.021006077 0.000000000 
127820.022005994 0.000000000 
127820.023006402 0.000000000 
127820.024009545 0.000000000 
127820.025005881 0.000000000 
127820.026005626 0.000000000 
127820.027008263 0.000000000 
127820.028009652 0.000000000 
127820.029005971 0.000000000 
127820.030005731 0.000000000 
127820.031006492 0.000000000 
127820.032008929 0.000000000 
127820.033005729 0.000000000 
127820.034005720 0.000000000 
127820.035006566 0.000000000 
127820.036008855 0.000000000 
127820.037007671 0.000000000 
127820.038005924 0.000000000 
127820.039006649 0.000000000 
127820.040009487 0.000000000 
127820.041005936 0.000000000 
127820.042005670 0.000000000 
127820.043007885 0.000000000 
127820.044009170 0.000000000 
127820.045005939 0.000000000 
127820.046005701 0.000000000 
127820.047008161 0.000000000 
